Mean: 0.00023906047527606672
STD: 0.00023822058563515423
Min: 0.00011372566223144531
Max: 0.0021047592163085938
