Mean: 1.9912182387070134
STD: 0.03817571025531944
Min: 1.871368169784546
Max: 2.0991439819335938
